estTrans = [
0.0010110689563128 0.0000000000000000 0.0000000000000000 0.0130262334784092 0.0000000000000000 0.0000000000000000 0.0032183104322162 0.0000000000000000 0.0000000000000000 0.0000000000000000 0.0000000000000000 0.9827443871330476 0.0000000000000000 0.0000000000000000 0.0000000000000000 0.0000000000000000 0.0000000000000000 0.0000000000000000 0.0000000000000000 ;
0.0000000000000000 0.0023504170675082 0.0000000000000000 0.0000000000000000 0.0000000000000000 0.0000000000000000 0.0000000000000000 0.0000000000000000 0.9976495829324881 0.0000000000000000 0.0000000000000000 0.0000000000000000 0.0000000000000000 0.0000000000000000 0.0000000000000000 0.0000000000000000 0.0000000000000000 0.0000000000000000 0.0000000000000000 ;
0.6010263123486429 0.0000000000000000 0.0043624021031706 0.0008933549324634 0.0009347139793974 0.0000000000000000 0.0000000000000000 0.3830159336388103 0.0000000000000000 0.0000000000000000 0.0000000000000000 0.0000000000000000 0.0000000000000000 0.0000000000000000 0.0097672829975267 0.0000000000000000 0.0000000000000000 0.0000000000000000 0.0000000000000000 ;
0.0050714465015521 0.0015280663058444 0.7940091867386047 0.0045021032728712 0.0000000000000000 0.0000000000000000 0.0029821685458983 0.1676702571793532 0.0000000000000000 0.0000000000000000 0.0032258323773080 0.0110232780461252 0.0000000000000000 0.0000000000000000 0.0049231558039002 0.0000000000000000 0.0032473929305373 0.0018171122980017 0.0000000000000000 ;
0.0000000000000000 0.0000000000000000 0.0000000000000000 0.0295657066817786 0.0000000000000000 0.0000000000000000 0.0000000000000000 0.0092688876452576 0.0000000000000000 0.0000000000000000 0.0000000000000000 0.9578812314806514 0.0000000000000000 0.0000000000000000 0.0000000000000000 0.0032841741923117 0.0000000000000000 0.0000000000000000 0.0000000000000000 ;
0.0000000000000000 0.0000000000000000 0.0005961616172468 0.0012271240720403 0.0100568360709807 0.0111850411434478 0.0000000000000000 0.0053594049795441 0.0000000000000000 0.0000000000000000 0.0039608146554837 0.0000000000000000 0.0000000000000000 0.4853492668702307 0.0000000000000000 0.4705765123471391 0.0011979246316219 0.0000000000000000 0.0104909136122696 ;
0.0000000000000000 0.0026037854356230 0.0000000000000000 0.0000000000000000 0.0000000000000000 0.0756002894037870 0.0035553499439909 0.0018184764781804 0.0000000000000000 0.2288324361017673 0.0552721380134250 0.0000000000000000 0.0094289641457390 0.0530587627393532 0.0782749999866492 0.1814941975858412 0.0168289164942447 0.0772232639766122 0.2160084196947828 ;
0.0816355141185905 0.0180014539916450 0.7257269151849951 0.0000000000000000 0.0146838976501584 0.0000000000000000 0.0098897743495849 0.0550603392095768 0.0071103611384651 0.0018532334259357 0.0206241360464323 0.0000000000000000 0.0000000000000000 0.0000000000000000 0.0634706437240189 0.0019437311605853 0.0000000000000000 0.0000000000000000 0.0000000000000000 ;
0.0000000000000000 0.0043808426342632 0.0000000000000000 0.0000000000000000 0.0000000000000000 0.0000000000000000 0.0000000000000000 0.0000000000000000 0.1902191487911294 0.0145138971987039 0.0000000000000000 0.0000000000000000 0.7908861113758989 0.0000000000000000 0.0000000000000000 0.0000000000000000 0.0000000000000000 0.0000000000000000 0.0000000000000000 ;
0.0011770103006156 0.0162882467433630 0.0000000000000000 0.0000000000000000 0.0351741210067316 0.0012821804455287 0.0018006352819588 0.0080825477459604 0.0000000000000000 0.0081707627609899 0.0000000000000000 0.0000000000000000 0.0107441768441632 0.0000000000000000 0.5361992098776761 0.0044089323330338 0.0011781775950609 0.3669447705138780 0.0085492285510341 ;
0.0000000000000000 0.9729469135514051 0.0000000000000000 0.0000000000000000 0.0000000000000000 0.0000000000000000 0.0000000000000000 0.0130655838916857 0.0079572197890342 0.0020410375738511 0.0012684970965745 0.0000000000000000 0.0012513658836332 0.0000000000000000 0.0014693822138050 0.0000000000000000 0.0000000000000000 0.0000000000000000 0.0000000000000000 ;
0.0028110091578872 0.0000000000000000 0.0051603414983441 0.6249951947378420 0.0020570208673322 0.0000000000000000 0.3113490280556314 0.0000000000000000 0.0000000000000000 0.0000000000000000 0.0014278684156520 0.0492604820249300 0.0000000000000000 0.0000000000000000 0.0029390552423799 0.0000000000000000 0.0000000000000000 0.0000000000000000 0.0000000000000000 ;
0.0000000000000000 0.0000000000000000 0.0000000000000000 0.0000000000000000 0.0662201745004042 0.0000000000000000 0.0000000000000000 0.0059466810861600 0.0558076380681127 0.7834377323677780 0.0000000000000000 0.0034838205074195 0.0450720492857553 0.0000000000000000 0.0254862180495146 0.0000000000000000 0.0036733568752881 0.0108723292595524 0.0000000000000000 ;
0.0000000000000000 0.0098118539874824 0.0000000000000000 0.0019050111831232 0.0497839440034376 0.0000000000000000 0.0015174174394627 0.0156950762761782 0.0046582711212517 0.0106962447143352 0.8726700659106195 0.0000000000000000 0.0120305130368845 0.0077797004427367 0.0045861094728668 0.0012251075605306 0.0024150461133919 0.0052256387377005 0.0000000000000000 ;
0.0043420572304686 0.0007492151585738 0.0000000000000000 0.0000000000000000 0.0197671861623588 0.0000000000000000 0.0000000000000000 0.0000000000000000 0.0010286408290697 0.0015228448816605 0.0000000000000000 0.0036006531941816 0.0089557363688673 0.0000000000000000 0.0057711681670801 0.0000000000000000 0.3515187338201354 0.5593891217344481 0.0433546424531656 ;
0.0000000000000000 0.0000000000000000 0.0000000000000000 0.0000000000000000 0.0128368043222191 0.9821707165281645 0.0000000000000000 0.0016153731188034 0.0000000000000000 0.0017686513597400 0.0000000000000000 0.0000000000000000 0.0000000000000000 0.0000000000000000 0.0000000000000000 0.0000000000000000 0.0000000000000000 0.0000000000000000 0.0016084546710665 ;
0.0000000000000000 0.0000000000144323 0.0000000000000000 0.0000000000000000 0.0052404511126308 0.0000000000000000 0.0000000000000000 0.0000000000000000 0.0000000000000000 0.0132683120656503 0.0000000000000000 0.0000000000000000 0.0167663135367999 0.0000000000000000 0.0000000000000000 0.0000000000000000 0.0000000000000000 0.9567054421502172 0.0080194811202785 ;
0.0000000000000000 0.0000000000000000 0.0000000000000000 0.0000000000000000 0.0108154418019380 0.0000000000000000 0.0000000000000000 0.0021717215860398 0.0021598895366200 0.0063591953453745 0.0006034932136656 0.0000000000000000 0.0195095609928793 0.0000000000000000 0.0025155621758182 0.0050331179108055 0.0000000000000000 0.0000000000000000 0.9508320174368624 ;
0.0000000000000000 0.0018450809632944 0.0000000000000000 0.0000000000000000 0.0171650487001311 0.0075428920197620 0.0458793951483014 0.0106294261878938 0.0196306605530422 0.2894423379462144 0.0163259898426910 0.0000000000000000 0.0173394211089447 0.0025258227544099 0.0096839126986811 0.3278152767870363 0.0000000000000000 0.0110534894689333 0.2231212458206794 ;
];

estEmis = [
0.0000000000000000 0.0000000000000000 0.0000000000000000 0.0000000000000000 0.0000000000059932 0.0000000000000000 0.9970081004889036 0.0000000000000000 0.0000000000000000 0.0000000000000000 0.0000000000000000 0.0029918995050842 0.0000000000000000 0.0000000000000000 0.0000000000000000 0.0000000000000000 0.0000000000000000 ;
0.0000000000000000 0.0000000000000000 0.0000000000000000 0.0000000000000000 0.0000000000000000 0.0000000000000000 1.0000000000000000 0.0000000000000000 0.0000000000000000 0.0000000000000000 0.0000000000000000 0.0000000000000000 0.0000000000000000 0.0000000000000000 0.0000000000000000 0.0000000000000000 0.0000000000000000 ;
0.0011810572627795 0.0000873196011364 0.0000000000000000 0.0000000000000000 0.0000000000073628 0.0002691902965104 0.0000000000000000 0.0000000000000000 0.0000000000000000 0.0000000000000000 0.9970475803881599 0.0010653104488461 0.0000000000000000 0.0000000000000000 0.0000000000000000 0.0000000000000000 0.0003495419952256 ;
0.0000000000000000 0.0000000000000000 0.0000000000000000 0.0000000000000000 0.0000000018648999 0.0000000000000000 0.0000000000000000 0.0000000000000000 0.0000000000000000 0.0000000000000000 0.0000000000000000 0.0000000000000000 0.0000000000000000 0.0000000000000000 0.0000000000000000 0.9999999981350982 0.0000000000000000 ;
0.0000000000000000 0.0000000000000000 0.0000000000000000 0.0000000000000000 0.0012683845190795 0.9919751005339095 0.0000000000000000 0.0000000000000000 0.0000000000000000 0.0000000000000000 0.0000000000000000 0.0000000000000000 0.0000000000000000 0.0000000000000000 0.0067565149470048 0.0000000000000000 0.0000000000000000 ;
0.0000000000000000 0.0000000000000000 0.0000000000000000 0.0000000000000000 0.0024041976517669 0.0000000000000000 0.0000000000000000 0.0000000000000000 0.0000000000000000 0.0000000000000000 0.0004214508663739 0.9965467231839241 0.0006276282979423 0.0000000000000000 0.0000000000000000 0.0000000000000000 0.0000000000000000 ;
0.2502754760261876 0.0000000000000000 0.0000000000000000 0.0000000000000000 0.0000045395449171 0.0000000000000000 0.0000000000000000 0.0000000000000000 0.0142303154926054 0.7258812642813598 0.0000000000000000 0.0033744622163084 0.0000000000000000 0.0000000000000000 0.0062339424386262 0.0000000000000000 0.0000000000000000 ;
0.0000000000000000 0.0918280604515914 0.0000000000000000 0.0000000000000000 0.7814976326860860 0.0032079066790426 0.0118053489141499 0.0000000000000000 0.0000000000000000 0.0021462532143435 0.0000000000000000 0.0064753925611767 0.0052854862862661 0.0034755717764768 0.0000000000000000 0.0028700194900806 0.0914083279407842 ;
0.0000000000000000 0.0000000000000000 0.0000000000000000 0.0000000000000000 0.9973861904533700 0.0000000000000000 0.0000000000000000 0.0000000000000000 0.0009021836747573 0.0000000000000000 0.0000000000000000 0.0009142494311114 0.0006074940220891 0.0000000000000000 0.0000000000000000 0.0001898824186739 0.0000000000000000 ;
0.0007730079483386 0.0000000000000000 0.0000000000000000 0.0070771340472026 0.0000000189773745 0.0000000000000000 0.0000000000000000 0.0000000000000000 0.0004584903360454 0.0000000000000000 0.0000000000000000 0.0000000000000000 0.0000000000000000 0.0000000000000000 0.0000000000000000 0.9916913486910431 0.0000000000000000 ;
0.0000000000000000 0.0000000000000000 0.0000000000000000 0.0000000000000000 0.0000000000003959 0.0000000000000000 0.0000000000000000 0.0000000000000000 0.9965518305938870 0.0000000000000000 0.0000000000000000 0.0000000000000000 0.0000000000000000 0.0000000000000000 0.0000000000000000 0.0034481694057058 0.0000000000000000 ;
0.0000000000000000 0.0000000000000000 0.0000000000000000 0.0000000000000000 0.9925046611503336 0.0000000000000000 0.0000000000000000 0.0000000000000000 0.0000000000000000 0.0000000000000000 0.0019998781896729 0.0031932007873682 0.0012562317286303 0.0010460281440008 0.0000000000000000 0.0000000000000000 0.0000000000000000 ;
0.0899695181573552 0.0000000000000000 0.0029513890953232 0.0000000000000000 0.9005377960192840 0.0000000000000000 0.0031359886536032 0.0000000000000000 0.0000000000000000 0.0000000000000000 0.0011951504281932 0.0000000000000000 0.0014244234286839 0.0007857342175577 0.0000000000000000 0.0000000000000000 0.0000000000000000 ;
0.0000000000000000 0.0000000000000000 0.0000000000000000 0.0000000000000000 0.0000000120580150 0.0000000000000000 0.0000000000000000 0.0000000000000000 0.0000000000000000 0.0000000000000000 0.0000000000000000 0.0036317630986384 0.0000000000000000 0.0000000000000000 0.0000000000000000 0.9963682248433483 0.0000000000000000 ;
0.0000000000000000 0.0000000000000000 0.0000000000000000 0.0000000000000000 0.0173889177558502 0.0000000000000000 0.0010300153360917 0.0000000000000000 0.0000000000000000 0.0000000000000000 0.0000000000000000 0.0074282350485834 0.9741528318594845 0.0000000000000000 0.0000000000000000 0.0000000000000000 0.0000000000000000 ;
0.0000000000000000 0.0000000000000000 0.0000000000000000 0.0000000000000000 0.0006113394811604 0.0000000000000000 0.0000000000000000 0.0000000000000000 0.0000000000000000 0.0000000000000000 0.0000000000000000 0.9993886605188436 0.0000000000000000 0.0000000000000000 0.0000000000000000 0.0000000000000000 0.0000000000000000 ;
0.0000000000000000 0.0000000000000000 0.0000000000000000 0.0000000000000000 0.0094839224694305 0.0000000000000000 0.0000000000000000 0.0000000000000000 0.0000000000000000 0.0000000000000000 0.0000000000000000 0.0000000000000000 0.0000000000000000 0.9882656328844326 0.0000000000000000 0.0022504446461414 0.0000000000000000 ;
0.0011243762638944 0.0000000000000000 0.0000000000000000 0.0000000000000000 0.0008240104668635 0.0000000000000000 0.9523042367808933 0.0444520111921047 0.0000000000000000 0.0000000000000000 0.0000000000000000 0.0000000000000000 0.0002299870089743 0.0000000000000000 0.0008070595147061 0.0002583187725709 0.0000000000000000 ;
0.0000000000000000 0.0000000000000000 0.0011834135325086 0.0000000000000000 0.9876016533119056 0.0000000000000000 0.0000000000000000 0.0000000000000000 0.0030570497628640 0.0000000000000000 0.0005821929542172 0.0050100246501126 0.0011563089687530 0.0000000000000000 0.0000000000000000 0.0014093568196497 0.0000000000000000 ;
];
